<link rel="import" href="../../bower_components/iron-icon/iron-icon.html">
<link rel="import" href="../../bower_components/iron-iconset-svg/iron-iconset-svg.html">

<iron-iconset-svg name="weather" size="72">

  <svg>
    <g id="01d" transform="translate(3 -1054.8)">
      <circle xmlns="http://www.w3.org/2000/svg" cx="37.201" cy="1088.8" r="32" fill="#ffeb3b"/>
    </g>
  </svg>

  <svg>
    <g id="01n" transform="translate(-7.4254066,-1057.8187)">
      <path style="opacity:1;fill:#9fa8da;fill-opacity:1;stroke:none;stroke-width:4.12599993;stroke-miterlimit:4;stroke-dasharray:none;stroke-dashoffset:160.35206604;stroke-opacity:1" d="m 35.294744,1057.8187 a 32.16288,32.16288 0 0 0 -27.8693374,31.8371 32.16288,32.16288 0 0 0 32.1629374,32.1629 32.16288,32.16288 0 0 0 26.61111,-14.1098 32.16288,32.16288 0 0 1 -4.29404,0.3257 32.16288,32.16288 0 0 1 -32.162937,-32.1629 32.16288,32.16288 0 0 1 5.552267,-18.053 z" id="path7973" inkscape:connector-curvature="0"/>
    </g>
  </svg>

  <svg>
    <g id="02d" transform="translate(4.0791548,-1058.9427)">
      <g id="g5157" transform="translate(-143.70246,359.32825)">
        <circle style="opacity:1;fill:#ffeb3b;fill-opacity:1;stroke:none;stroke-width:4.12599993;stroke-miterlimit:4;stroke-dasharray:none;stroke-dashoffset:160.35206604;stroke-opacity:1" id="circle8359" cx="181.79109" cy="729.90741" r="30.292944"/>
        <g transform="matrix(0.65015086,0,0,0.65015086,2.8799376,220.01525)" id="g4487">
          <rect style="opacity:1;fill:#b3dafa;fill-opacity:1;stroke:none;stroke-width:4.12599993;stroke-miterlimit:4;stroke-dasharray:none;stroke-dashoffset:160.35206604;stroke-opacity:1" id="rect4489" width="53.852222" height="31.67778" x="230.14777" y="797.30591" rx="18.98291"/>
          <circle r="119.99999" cy="136.39194" cx="-822.02985" id="circle4491" style="opacity:1;fill:#000000;fill-opacity:0.12359553;stroke:none;stroke-width:4.12599993;stroke-miterlimit:4;stroke-dasharray:none;stroke-dashoffset:160.35206604;stroke-opacity:1;filter:url(#filter4470)" transform="matrix(0.19798614,0,0,0.19798614,411.26051,779.71253)"/>
          <circle transform="matrix(0.19798614,0,0,0.19798614,407.26051,777.71253)" style="opacity:1;fill:#b3dafa;fill-opacity:1;stroke:none;stroke-width:4.12599993;stroke-miterlimit:4;stroke-dasharray:none;stroke-dashoffset:160.35206604;stroke-opacity:1" id="circle4493" cx="-822.02985" cy="136.39194" r="119.99999"/>
        </g>
      </g>
    </g>
  </svg>

  <svg>
    <g id="02n" transform="translate(1.3079884,-1057.5126)">
      <g id="g5190" transform="translate(-213.92366,359.22138)">
        <path style="opacity:1;fill:#9fa8da;fill-opacity:1;stroke:none;stroke-width:4.12599993;stroke-miterlimit:4;stroke-dasharray:none;stroke-dashoffset:160.35206604;stroke-opacity:1" d="m 254.8575,698.29121 a 30.585538,30.585538 0 0 0 -26.50255,30.27574 30.585538,30.585538 0 0 0 30.58558,30.58555 30.585538,30.585538 0 0 0 25.30604,-13.41782 30.585538,30.585538 0 0 1 -4.08345,0.30973 30.585538,30.585538 0 0 1 -30.58558,-30.58556 30.585538,30.585538 0 0 1 5.27996,-17.16764 z" id="path8373" inkscape:connector-curvature="0"/>
        <g id="g4499" transform="matrix(0.65015086,0,0,0.65015086,75.872304,220.77861)">
          <rect rx="18.98291" y="797.30591" x="230.14777" height="31.67778" width="53.852222" id="rect4501" style="opacity:1;fill:#b3dafa;fill-opacity:1;stroke:none;stroke-width:4.12599993;stroke-miterlimit:4;stroke-dasharray:none;stroke-dashoffset:160.35206604;stroke-opacity:1"/>
          <circle transform="matrix(0.19798614,0,0,0.19798614,411.26051,779.71253)" style="opacity:1;fill:#000000;fill-opacity:0.12359553;stroke:none;stroke-width:4.12599993;stroke-miterlimit:4;stroke-dasharray:none;stroke-dashoffset:160.35206604;stroke-opacity:1;filter:url(#filter4470)" id="circle4503" cx="-822.02985" cy="136.39194" r="119.99999"/>
          <circle r="119.99999" cy="136.39194" cx="-822.02985" id="circle4505" style="opacity:1;fill:#b3dafa;fill-opacity:1;stroke:none;stroke-width:4.12599993;stroke-miterlimit:4;stroke-dasharray:none;stroke-dashoffset:160.35206604;stroke-opacity:1" transform="matrix(0.19798614,0,0,0.19798614,407.26051,777.71253)"/>
        </g>
      </g>
    </g>
  </svg>

  <svg>
    <g id="03d" transform="translate(6.0713619,-1061.071)">
      <g id="g5115" transform="translate(-1.8931298,286.99237)">
        <circle style="opacity:1;fill:#ffeb3b;fill-opacity:1;stroke:none;stroke-width:4.12599993;stroke-miterlimit:4;stroke-dasharray:none;stroke-dashoffset:160.35206604;stroke-opacity:1" id="circle8397" cx="41.693344" cy="802.38525" r="28.306656"/>
        <g id="g4531" transform="matrix(0.79009051,0,0,0.79009051,-170.35449,176.11601)">
          <rect rx="18.98291" y="797.30591" x="230.14777" height="31.67778" width="53.852222" id="rect4533" style="opacity:1;fill:#b3dafa;fill-opacity:1;stroke:none;stroke-width:4.12599993;stroke-miterlimit:4;stroke-dasharray:none;stroke-dashoffset:160.35206604;stroke-opacity:1"/>
          <circle transform="matrix(0.19798614,0,0,0.19798614,411.26051,779.71253)" style="opacity:1;fill:#000000;fill-opacity:0.12359553;stroke:none;stroke-width:4.12599993;stroke-miterlimit:4;stroke-dasharray:none;stroke-dashoffset:160.35206604;stroke-opacity:1;filter:url(#filter4470)" id="circle4535" cx="-822.02985" cy="136.39194" r="119.99999"/>
          <circle r="119.99999" cy="136.39194" cx="-822.02985" id="circle4537" style="opacity:1;fill:#b3dafa;fill-opacity:1;stroke:none;stroke-width:4.12599993;stroke-miterlimit:4;stroke-dasharray:none;stroke-dashoffset:160.35206604;stroke-opacity:1" transform="matrix(0.19798614,0,0,0.19798614,407.26051,777.71253)"/>
        </g>
      </g>
    </g>
  </svg>

  <svg>
    <g id="03n" transform="translate(4.5438641,-1057.2223)">
      <g id="g5122" transform="translate(-72.884718,285.50612)">
        <path style="opacity:1;fill:#9fa8da;fill-opacity:1;stroke:none;stroke-width:4.12599993;stroke-miterlimit:4;stroke-dasharray:none;stroke-dashoffset:160.35206604;stroke-opacity:1" d="M 116.3652,771.7162 A 28.759848,28.759848 0 0 0 91.444621,800.18474 28.759848,28.759848 0 0 0 120.20451,828.94461 28.759848,28.759848 0 0 0 144,816.32771 a 28.759848,28.759848 0 0 1 -3.8397,0.29124 28.759848,28.759848 0 0 1 -28.7599,-28.75987 28.759848,28.759848 0 0 1 4.9648,-16.14288 z" id="path8399" inkscape:connector-curvature="0"/>
        <g transform="matrix(0.79009051,0,0,0.79009051,-97.835404,177.64273)" id="g4515">
          <rect style="opacity:1;fill:#b3dafa;fill-opacity:1;stroke:none;stroke-width:4.12599993;stroke-miterlimit:4;stroke-dasharray:none;stroke-dashoffset:160.35206604;stroke-opacity:1" id="rect4517" width="53.852222" height="31.67778" x="230.14777" y="797.30591" rx="18.98291"/>
          <circle r="119.99999" cy="136.39194" cx="-822.02985" id="circle4519" style="opacity:1;fill:#000000;fill-opacity:0.12359553;stroke:none;stroke-width:4.12599993;stroke-miterlimit:4;stroke-dasharray:none;stroke-dashoffset:160.35206604;stroke-opacity:1;filter:url(#filter4470)" transform="matrix(0.19798614,0,0,0.19798614,411.26051,779.71253)"/>
          <circle transform="matrix(0.19798614,0,0,0.19798614,407.26051,777.71253)" style="opacity:1;fill:#b3dafa;fill-opacity:1;stroke:none;stroke-width:4.12599993;stroke-miterlimit:4;stroke-dasharray:none;stroke-dashoffset:160.35206604;stroke-opacity:1" id="circle4521" cx="-822.02985" cy="136.39194" r="119.99999"/>
        </g>
      </g>
    </g>
  </svg>

  <svg>
    <g id="04d" transform="translate(7,-1051.8143)">
      <g id="g4539" transform="translate(-217.8855,283.28245)">
        <rect rx="18.98291" y="797.30591" x="230.14777" height="31.67778" width="53.852222" id="rect4541" style="opacity:1;fill:#b3dafa;fill-opacity:1;stroke:none;stroke-width:4.12599993;stroke-miterlimit:4;stroke-dasharray:none;stroke-dashoffset:160.35206604;stroke-opacity:1"/>
        <circle transform="matrix(0.19798614,0,0,0.19798614,411.26051,779.71253)" style="opacity:1;fill:#000000;fill-opacity:0.12359553;stroke:none;stroke-width:4.12599993;stroke-miterlimit:4;stroke-dasharray:none;stroke-dashoffset:160.35206604;stroke-opacity:1;filter:url(#filter4470)" id="circle4543" cx="-822.02985" cy="136.39194" r="119.99999"/>
        <circle r="119.99999" cy="136.39194" cx="-822.02985" id="circle4545" style="opacity:1;fill:#b3dafa;fill-opacity:1;stroke:none;stroke-width:4.12599993;stroke-miterlimit:4;stroke-dasharray:none;stroke-dashoffset:160.35206604;stroke-opacity:1" transform="matrix(0.19798614,0,0,0.19798614,407.26051,777.71253)"/>
      </g>
    </g>
  </svg>

  <svg>
    <g id="04n" transform="translate(7,-1051.8143)">
      <g id="g4539" transform="translate(-217.8855,283.28245)">
        <rect rx="18.98291" y="797.30591" x="230.14777" height="31.67778" width="53.852222" id="rect4541" style="opacity:1;fill:#b3dafa;fill-opacity:1;stroke:none;stroke-width:4.12599993;stroke-miterlimit:4;stroke-dasharray:none;stroke-dashoffset:160.35206604;stroke-opacity:1"/>
        <circle transform="matrix(0.19798614,0,0,0.19798614,411.26051,779.71253)" style="opacity:1;fill:#000000;fill-opacity:0.12359553;stroke:none;stroke-width:4.12599993;stroke-miterlimit:4;stroke-dasharray:none;stroke-dashoffset:160.35206604;stroke-opacity:1;filter:url(#filter4470)" id="circle4543" cx="-822.02985" cy="136.39194" r="119.99999"/>
        <circle r="119.99999" cy="136.39194" cx="-822.02985" id="circle4545" style="opacity:1;fill:#b3dafa;fill-opacity:1;stroke:none;stroke-width:4.12599993;stroke-miterlimit:4;stroke-dasharray:none;stroke-dashoffset:160.35206604;stroke-opacity:1" transform="matrix(0.19798614,0,0,0.19798614,407.26051,777.71253)"/>
      </g>
    </g>
  </svg>

  <svg>
    <g  id="09d" transform="translate(1.9300016,-1052.1567)">
      <g id="g4771" transform="translate(-1.2784858,216.54091)">
        <circle r="13.632994" cy="855.66638" cx="49.350758" id="circle8524" style="opacity:1;fill:#ffeb3b;fill-opacity:1;stroke:none;stroke-width:4.12599993;stroke-miterlimit:4;stroke-dasharray:none;stroke-dashoffset:160.35206604;stroke-opacity:1"/>
        <g id="g4625" transform="translate(-1.81679,1.908397)">
          <g id="g4627" transform="matrix(1.0252137,0,0,1.0252137,-168.46014,-96.641671)">
            <path style="fill:#2196f3;fill-opacity:1;fill-rule:evenodd;stroke:none;stroke-width:0.62758154px;stroke-linecap:butt;stroke-linejoin:miter;stroke-opacity:1" d="m 191.3853,961.00555 -2.49576,5.47762 0,0 c 0,0 -0.31836,1.5163 0,2.19105 0.22512,0.47712 0.7044,0.89789 1.24788,1.09552 0.76859,0.27949 1.72717,0.27949 2.49576,0 0.54348,-0.19763 1.02277,-0.6184 1.24788,-1.09552 0.31836,-0.67475 0.29046,-0.86694 0,-2.19105 -0.29046,-1.32411 -2.49576,-5.47762 -2.49576,-5.47762 z" id="path4629" inkscape:connector-curvature="0" xmlns:sodipodi="http://sodipodi.sourceforge.net/DTD/sodipodi-0.dtd" sodipodi:nodetypes="cccsssszc"/>
            <path xmlns:sodipodi="http://sodipodi.sourceforge.net/DTD/sodipodi-0.dtd" sodipodi:nodetypes="cccsssszc" inkscape:connector-curvature="0" id="path4631" d="m 203.18851,967.05252 -2.49576,5.47761 0,0 c 0,0 -0.31837,1.51631 0,2.19106 0.22511,0.47712 0.7044,0.89788 1.24788,1.09552 0.76859,0.27948 1.72716,0.27948 2.49576,0 0.54348,-0.19764 1.02276,-0.6184 1.24788,-1.09552 0.31836,-0.67475 0.29046,-0.86694 0,-2.19106 -0.29047,-1.3241 -2.49576,-5.47761 -2.49576,-5.47761 z" style="fill:#2196f3;fill-opacity:1;fill-rule:evenodd;stroke:none;stroke-width:0.62758154px;stroke-linecap:butt;stroke-linejoin:miter;stroke-opacity:1"/>
            <path style="fill:#2196f3;fill-opacity:1;fill-rule:evenodd;stroke:none;stroke-width:0.62758154px;stroke-linecap:butt;stroke-linejoin:miter;stroke-opacity:1" d="m 214.99172,961.64514 -2.49576,5.47761 0,0 c 0,0 -0.31836,1.5163 0,2.19106 0.22512,0.47711 0.7044,0.89788 1.24788,1.09552 0.76859,0.27948 1.72717,0.27948 2.49576,0 0.54348,-0.19764 1.02277,-0.61841 1.24788,-1.09552 0.31836,-0.67476 0.29046,-0.86695 0,-2.19106 -0.29046,-1.3241 -2.49576,-5.47761 -2.49576,-5.47761 z" id="path4633" inkscape:connector-curvature="0" xmlns:sodipodi="http://sodipodi.sourceforge.net/DTD/sodipodi-0.dtd" sodipodi:nodetypes="cccsssszc"/>
          </g>
          <g transform="matrix(0.86006034,0,0,0.86006034,-179.72743,172.72366)" id="g4635">
            <rect style="opacity:1;fill:#b3dafa;fill-opacity:1;stroke:none;stroke-width:4.12599993;stroke-miterlimit:4;stroke-dasharray:none;stroke-dashoffset:160.35206604;stroke-opacity:1" id="rect4637" width="53.852222" height="31.67778" x="230.14777" y="797.30591" rx="18.98291"/>
            <circle r="119.99999" cy="136.39194" cx="-822.02985" id="circle4639" style="opacity:1;fill:#000000;fill-opacity:0.12359553;stroke:none;stroke-width:4.12599993;stroke-miterlimit:4;stroke-dasharray:none;stroke-dashoffset:160.35206604;stroke-opacity:1;filter:url(#filter4470)" transform="matrix(0.19798614,0,0,0.19798614,411.26051,779.71253)"/>
            <circle transform="matrix(0.19798614,0,0,0.19798614,407.26051,777.71253)" style="opacity:1;fill:#b3dafa;fill-opacity:1;stroke:none;stroke-width:4.12599993;stroke-miterlimit:4;stroke-dasharray:none;stroke-dashoffset:160.35206604;stroke-opacity:1" id="circle4641" cx="-822.02985" cy="136.39194" r="119.99999"/>
          </g>
        </g>
      </g>
    </g>
  </svg>

  <svg>
    <g  id="09n" transform="translate(1.4001438,-1051.3934)">
      <g id="g4655" transform="translate(-72.977632,214.9226)">
        <path style="opacity:1;fill:#9fa8da;fill-opacity:1;stroke:none;stroke-width:4.12599993;stroke-miterlimit:4;stroke-dasharray:none;stroke-dashoffset:160.35206604;stroke-opacity:1" d="m 124.67707,839.49388 a 15.949492,15.949492 0 0 0 -13.82033,15.78794 15.949492,15.949492 0 0 0 15.94951,15.94951 15.949492,15.949492 0 0 0 13.19638,-6.99702 15.949492,15.949492 0 0 1 -2.1294,0.16152 15.949492,15.949492 0 0 1 -15.94952,-15.9495 15.949492,15.949492 0 0 1 2.75336,-8.95245 z" id="path8508" inkscape:connector-curvature="0"/>
        <g transform="translate(70.412214,2.7633588)" id="g4607">
          <g transform="matrix(1.0252137,0,0,1.0252137,-168.46014,-96.641671)" id="g4609">
            <path xmlns:sodipodi="http://sodipodi.sourceforge.net/DTD/sodipodi-0.dtd" sodipodi:nodetypes="cccsssszc" inkscape:connector-curvature="0" id="path4611" d="m 191.3853,961.00555 -2.49576,5.47762 0,0 c 0,0 -0.31836,1.5163 0,2.19105 0.22512,0.47712 0.7044,0.89789 1.24788,1.09552 0.76859,0.27949 1.72717,0.27949 2.49576,0 0.54348,-0.19763 1.02277,-0.6184 1.24788,-1.09552 0.31836,-0.67475 0.29046,-0.86694 0,-2.19105 -0.29046,-1.32411 -2.49576,-5.47762 -2.49576,-5.47762 z" style="fill:#2196f3;fill-opacity:1;fill-rule:evenodd;stroke:none;stroke-width:0.62758154px;stroke-linecap:butt;stroke-linejoin:miter;stroke-opacity:1"/>
            <path style="fill:#2196f3;fill-opacity:1;fill-rule:evenodd;stroke:none;stroke-width:0.62758154px;stroke-linecap:butt;stroke-linejoin:miter;stroke-opacity:1" d="m 203.18851,967.05252 -2.49576,5.47761 0,0 c 0,0 -0.31837,1.51631 0,2.19106 0.22511,0.47712 0.7044,0.89788 1.24788,1.09552 0.76859,0.27948 1.72716,0.27948 2.49576,0 0.54348,-0.19764 1.02276,-0.6184 1.24788,-1.09552 0.31836,-0.67475 0.29046,-0.86694 0,-2.19106 -0.29047,-1.3241 -2.49576,-5.47761 -2.49576,-5.47761 z" id="path4613" inkscape:connector-curvature="0" xmlns:sodipodi="http://sodipodi.sourceforge.net/DTD/sodipodi-0.dtd" sodipodi:nodetypes="cccsssszc"/>
            <path xmlns:sodipodi="http://sodipodi.sourceforge.net/DTD/sodipodi-0.dtd" sodipodi:nodetypes="cccsssszc" inkscape:connector-curvature="0" id="path4615" d="m 214.99172,961.64514 -2.49576,5.47761 0,0 c 0,0 -0.31836,1.5163 0,2.19106 0.22512,0.47711 0.7044,0.89788 1.24788,1.09552 0.76859,0.27948 1.72717,0.27948 2.49576,0 0.54348,-0.19764 1.02277,-0.61841 1.24788,-1.09552 0.31836,-0.67476 0.29046,-0.86695 0,-2.19106 -0.29046,-1.3241 -2.49576,-5.47761 -2.49576,-5.47761 z" style="fill:#2196f3;fill-opacity:1;fill-rule:evenodd;stroke:none;stroke-width:0.62758154px;stroke-linecap:butt;stroke-linejoin:miter;stroke-opacity:1"/>
          </g>
          <g id="g4617" transform="matrix(0.86006034,0,0,0.86006034,-179.72743,172.72366)">
            <rect rx="18.98291" y="797.30591" x="230.14777" height="31.67778" width="53.852222" id="rect4619" style="opacity:1;fill:#b3dafa;fill-opacity:1;stroke:none;stroke-width:4.12599993;stroke-miterlimit:4;stroke-dasharray:none;stroke-dashoffset:160.35206604;stroke-opacity:1"/>
            <circle transform="matrix(0.19798614,0,0,0.19798614,411.26051,779.71253)" style="opacity:1;fill:#000000;fill-opacity:0.12359553;stroke:none;stroke-width:4.12599993;stroke-miterlimit:4;stroke-dasharray:none;stroke-dashoffset:160.35206604;stroke-opacity:1;filter:url(#filter4470)" id="circle4621" cx="-822.02985" cy="136.39194" r="119.99999"/>
            <circle r="119.99999" cy="136.39194" cx="-822.02985" id="circle4623" style="opacity:1;fill:#b3dafa;fill-opacity:1;stroke:none;stroke-width:4.12599993;stroke-miterlimit:4;stroke-dasharray:none;stroke-dashoffset:160.35206604;stroke-opacity:1" transform="matrix(0.19798614,0,0,0.19798614,407.26051,777.71253)"/>
          </g>
        </g>
      </g>
    </g>
  </svg>

  <svg>
    <g  id="10d" transform="translate(1.9300016,-1052.1567)">
      <g id="g4771" transform="translate(-1.2784858,216.54091)">
        <circle r="13.632994" cy="855.66638" cx="49.350758" id="circle8524" style="opacity:1;fill:#ffeb3b;fill-opacity:1;stroke:none;stroke-width:4.12599993;stroke-miterlimit:4;stroke-dasharray:none;stroke-dashoffset:160.35206604;stroke-opacity:1"/>
        <g id="g4625" transform="translate(-1.81679,1.908397)">
          <g id="g4627" transform="matrix(1.0252137,0,0,1.0252137,-168.46014,-96.641671)">
            <path style="fill:#2196f3;fill-opacity:1;fill-rule:evenodd;stroke:none;stroke-width:0.62758154px;stroke-linecap:butt;stroke-linejoin:miter;stroke-opacity:1" d="m 191.3853,961.00555 -2.49576,5.47762 0,0 c 0,0 -0.31836,1.5163 0,2.19105 0.22512,0.47712 0.7044,0.89789 1.24788,1.09552 0.76859,0.27949 1.72717,0.27949 2.49576,0 0.54348,-0.19763 1.02277,-0.6184 1.24788,-1.09552 0.31836,-0.67475 0.29046,-0.86694 0,-2.19105 -0.29046,-1.32411 -2.49576,-5.47762 -2.49576,-5.47762 z" id="path4629" inkscape:connector-curvature="0" xmlns:sodipodi="http://sodipodi.sourceforge.net/DTD/sodipodi-0.dtd" sodipodi:nodetypes="cccsssszc"/>
            <path xmlns:sodipodi="http://sodipodi.sourceforge.net/DTD/sodipodi-0.dtd" sodipodi:nodetypes="cccsssszc" inkscape:connector-curvature="0" id="path4631" d="m 203.18851,967.05252 -2.49576,5.47761 0,0 c 0,0 -0.31837,1.51631 0,2.19106 0.22511,0.47712 0.7044,0.89788 1.24788,1.09552 0.76859,0.27948 1.72716,0.27948 2.49576,0 0.54348,-0.19764 1.02276,-0.6184 1.24788,-1.09552 0.31836,-0.67475 0.29046,-0.86694 0,-2.19106 -0.29047,-1.3241 -2.49576,-5.47761 -2.49576,-5.47761 z" style="fill:#2196f3;fill-opacity:1;fill-rule:evenodd;stroke:none;stroke-width:0.62758154px;stroke-linecap:butt;stroke-linejoin:miter;stroke-opacity:1"/>
            <path style="fill:#2196f3;fill-opacity:1;fill-rule:evenodd;stroke:none;stroke-width:0.62758154px;stroke-linecap:butt;stroke-linejoin:miter;stroke-opacity:1" d="m 214.99172,961.64514 -2.49576,5.47761 0,0 c 0,0 -0.31836,1.5163 0,2.19106 0.22512,0.47711 0.7044,0.89788 1.24788,1.09552 0.76859,0.27948 1.72717,0.27948 2.49576,0 0.54348,-0.19764 1.02277,-0.61841 1.24788,-1.09552 0.31836,-0.67476 0.29046,-0.86695 0,-2.19106 -0.29046,-1.3241 -2.49576,-5.47761 -2.49576,-5.47761 z" id="path4633" inkscape:connector-curvature="0" xmlns:sodipodi="http://sodipodi.sourceforge.net/DTD/sodipodi-0.dtd" sodipodi:nodetypes="cccsssszc"/>
          </g>
          <g transform="matrix(0.86006034,0,0,0.86006034,-179.72743,172.72366)" id="g4635">
            <rect style="opacity:1;fill:#b3dafa;fill-opacity:1;stroke:none;stroke-width:4.12599993;stroke-miterlimit:4;stroke-dasharray:none;stroke-dashoffset:160.35206604;stroke-opacity:1" id="rect4637" width="53.852222" height="31.67778" x="230.14777" y="797.30591" rx="18.98291"/>
            <circle r="119.99999" cy="136.39194" cx="-822.02985" id="circle4639" style="opacity:1;fill:#000000;fill-opacity:0.12359553;stroke:none;stroke-width:4.12599993;stroke-miterlimit:4;stroke-dasharray:none;stroke-dashoffset:160.35206604;stroke-opacity:1;filter:url(#filter4470)" transform="matrix(0.19798614,0,0,0.19798614,411.26051,779.71253)"/>
            <circle transform="matrix(0.19798614,0,0,0.19798614,407.26051,777.71253)" style="opacity:1;fill:#b3dafa;fill-opacity:1;stroke:none;stroke-width:4.12599993;stroke-miterlimit:4;stroke-dasharray:none;stroke-dashoffset:160.35206604;stroke-opacity:1" id="circle4641" cx="-822.02985" cy="136.39194" r="119.99999"/>
          </g>
        </g>
      </g>
    </g>
  </svg>

  <svg>
    <g  id="10n" transform="translate(1.4001438,-1051.3934)">
      <g id="g4655" transform="translate(-72.977632,214.9226)">
        <path style="opacity:1;fill:#9fa8da;fill-opacity:1;stroke:none;stroke-width:4.12599993;stroke-miterlimit:4;stroke-dasharray:none;stroke-dashoffset:160.35206604;stroke-opacity:1" d="m 124.67707,839.49388 a 15.949492,15.949492 0 0 0 -13.82033,15.78794 15.949492,15.949492 0 0 0 15.94951,15.94951 15.949492,15.949492 0 0 0 13.19638,-6.99702 15.949492,15.949492 0 0 1 -2.1294,0.16152 15.949492,15.949492 0 0 1 -15.94952,-15.9495 15.949492,15.949492 0 0 1 2.75336,-8.95245 z" id="path8508" inkscape:connector-curvature="0"/>
        <g transform="translate(70.412214,2.7633588)" id="g4607">
          <g transform="matrix(1.0252137,0,0,1.0252137,-168.46014,-96.641671)" id="g4609">
            <path xmlns:sodipodi="http://sodipodi.sourceforge.net/DTD/sodipodi-0.dtd" sodipodi:nodetypes="cccsssszc" inkscape:connector-curvature="0" id="path4611" d="m 191.3853,961.00555 -2.49576,5.47762 0,0 c 0,0 -0.31836,1.5163 0,2.19105 0.22512,0.47712 0.7044,0.89789 1.24788,1.09552 0.76859,0.27949 1.72717,0.27949 2.49576,0 0.54348,-0.19763 1.02277,-0.6184 1.24788,-1.09552 0.31836,-0.67475 0.29046,-0.86694 0,-2.19105 -0.29046,-1.32411 -2.49576,-5.47762 -2.49576,-5.47762 z" style="fill:#2196f3;fill-opacity:1;fill-rule:evenodd;stroke:none;stroke-width:0.62758154px;stroke-linecap:butt;stroke-linejoin:miter;stroke-opacity:1"/>
            <path style="fill:#2196f3;fill-opacity:1;fill-rule:evenodd;stroke:none;stroke-width:0.62758154px;stroke-linecap:butt;stroke-linejoin:miter;stroke-opacity:1" d="m 203.18851,967.05252 -2.49576,5.47761 0,0 c 0,0 -0.31837,1.51631 0,2.19106 0.22511,0.47712 0.7044,0.89788 1.24788,1.09552 0.76859,0.27948 1.72716,0.27948 2.49576,0 0.54348,-0.19764 1.02276,-0.6184 1.24788,-1.09552 0.31836,-0.67475 0.29046,-0.86694 0,-2.19106 -0.29047,-1.3241 -2.49576,-5.47761 -2.49576,-5.47761 z" id="path4613" inkscape:connector-curvature="0" xmlns:sodipodi="http://sodipodi.sourceforge.net/DTD/sodipodi-0.dtd" sodipodi:nodetypes="cccsssszc"/>
            <path xmlns:sodipodi="http://sodipodi.sourceforge.net/DTD/sodipodi-0.dtd" sodipodi:nodetypes="cccsssszc" inkscape:connector-curvature="0" id="path4615" d="m 214.99172,961.64514 -2.49576,5.47761 0,0 c 0,0 -0.31836,1.5163 0,2.19106 0.22512,0.47711 0.7044,0.89788 1.24788,1.09552 0.76859,0.27948 1.72717,0.27948 2.49576,0 0.54348,-0.19764 1.02277,-0.61841 1.24788,-1.09552 0.31836,-0.67476 0.29046,-0.86695 0,-2.19106 -0.29046,-1.3241 -2.49576,-5.47761 -2.49576,-5.47761 z" style="fill:#2196f3;fill-opacity:1;fill-rule:evenodd;stroke:none;stroke-width:0.62758154px;stroke-linecap:butt;stroke-linejoin:miter;stroke-opacity:1"/>
          </g>
          <g id="g4617" transform="matrix(0.86006034,0,0,0.86006034,-179.72743,172.72366)">
            <rect rx="18.98291" y="797.30591" x="230.14777" height="31.67778" width="53.852222" id="rect4619" style="opacity:1;fill:#b3dafa;fill-opacity:1;stroke:none;stroke-width:4.12599993;stroke-miterlimit:4;stroke-dasharray:none;stroke-dashoffset:160.35206604;stroke-opacity:1"/>
            <circle transform="matrix(0.19798614,0,0,0.19798614,411.26051,779.71253)" style="opacity:1;fill:#000000;fill-opacity:0.12359553;stroke:none;stroke-width:4.12599993;stroke-miterlimit:4;stroke-dasharray:none;stroke-dashoffset:160.35206604;stroke-opacity:1;filter:url(#filter4470)" id="circle4621" cx="-822.02985" cy="136.39194" r="119.99999"/>
            <circle r="119.99999" cy="136.39194" cx="-822.02985" id="circle4623" style="opacity:1;fill:#b3dafa;fill-opacity:1;stroke:none;stroke-width:4.12599993;stroke-miterlimit:4;stroke-dasharray:none;stroke-dashoffset:160.35206604;stroke-opacity:1" transform="matrix(0.19798614,0,0,0.19798614,407.26051,777.71253)"/>
          </g>
        </g>
      </g>
    </g>
  </svg>

  <svg>
    <g  id="11d" transform="translate(1.8231314,-1052.3989)">
      <g id="g4951" transform="translate(2.2482244,144.92049)">
        <g transform="translate(119.48092,5.450382)" id="g4823">
          <circle r="13.632994" cy="922.07861" cx="-73.550003" id="circle4785" style="opacity:1;fill:#ffeb3b;fill-opacity:1;stroke:none;stroke-width:4.12599993;stroke-miterlimit:4;stroke-dasharray:none;stroke-dashoffset:160.35206604;stroke-opacity:1"/>
          <g id="g4797" transform="matrix(0.86006034,0,0,0.86006034,-304.44498,241.04427)">
            <rect rx="18.98291" y="797.30591" x="230.14777" height="31.67778" width="53.852222" id="rect4799" style="opacity:1;fill:#b3dafa;fill-opacity:1;stroke:none;stroke-width:4.12599993;stroke-miterlimit:4;stroke-dasharray:none;stroke-dashoffset:160.35206604;stroke-opacity:1"/>
            <circle transform="matrix(0.19798614,0,0,0.19798614,411.26051,779.71253)" style="opacity:1;fill:#000000;fill-opacity:0.12359553;stroke:none;stroke-width:4.12599993;stroke-miterlimit:4;stroke-dasharray:none;stroke-dashoffset:160.35206604;stroke-opacity:1;filter:url(#filter4470)" id="circle4801" cx="-822.02985" cy="136.39194" r="119.99999"/>
            <circle r="119.99999" cy="136.39194" cx="-822.02985" id="circle4803" style="opacity:1;fill:#b3dafa;fill-opacity:1;stroke:none;stroke-width:4.12599993;stroke-miterlimit:4;stroke-dasharray:none;stroke-dashoffset:160.35206604;stroke-opacity:1" transform="matrix(0.19798614,0,0,0.19798614,407.26051,777.71253)"/>
          </g>
        </g>
        <g id="g8640" transform="matrix(0.12090624,0,0,0.12090624,207.98655,881.70167)">
          <path style="opacity:1;fill:#ffeb3b;fill-opacity:1;stroke:none;stroke-width:4.12599993;stroke-miterlimit:4;stroke-dasharray:none;stroke-dashoffset:160.35206604;stroke-opacity:1" d="m -1476.2857,764.35228 0,-182.56157 128.2759,0 z" id="path8642" inkscape:connector-curvature="0" xmlns:sodipodi="http://sodipodi.sourceforge.net/DTD/sodipodi-0.dtd" sodipodi:nodetypes="cccc"/>
          <path xmlns:sodipodi="http://sodipodi.sourceforge.net/DTD/sodipodi-0.dtd" sodipodi:nodetypes="cccc" inkscape:connector-curvature="0" id="path8644" d="m -1411.4384,447.505 0,182.56157 -128.2759,0 z" style="opacity:1;fill:#ffeb3b;fill-opacity:1;stroke:none;stroke-width:4.12599993;stroke-miterlimit:4;stroke-dasharray:none;stroke-dashoffset:160.35206604;stroke-opacity:1"/>
        </g>
      </g>
    </g>
  </svg>

  <svg>
    <g  id="11n" transform="translate(1.0997078,-1056.1138)">
      <g id="g4962" transform="translate(-70.999372,146.45215)">
        <g transform="translate(198.94656,56.48855)" id="g4880">
          <path style="opacity:1;fill:#9fa8da;fill-opacity:1;stroke:none;stroke-width:4.12599993;stroke-miterlimit:4;stroke-dasharray:none;stroke-dashoffset:160.35206604;stroke-opacity:1" d="m -75.94731,856.19617 a 15.949492,15.949492 0 0 0 -13.82033,15.78794 15.949492,15.949492 0 0 0 15.94951,15.94951 15.949492,15.949492 0 0 0 13.19638,-6.99702 15.949492,15.949492 0 0 1 -2.1294,0.16152 15.949492,15.949492 0 0 1 -15.94952,-15.9495 15.949492,15.949492 0 0 1 2.75336,-8.95245 z" id="path4832" inkscape:connector-curvature="0"/>
          <g transform="matrix(0.86006034,0,0,0.86006034,-309.9396,192.18931)" id="g4844">
            <rect style="opacity:1;fill:#b3dafa;fill-opacity:1;stroke:none;stroke-width:4.12599993;stroke-miterlimit:4;stroke-dasharray:none;stroke-dashoffset:160.35206604;stroke-opacity:1" id="rect4846" width="53.852222" height="31.67778" x="230.14777" y="797.30591" rx="18.98291"/>
            <circle r="119.99999" cy="136.39194" cx="-822.02985" id="circle4848" style="opacity:1;fill:#000000;fill-opacity:0.12359553;stroke:none;stroke-width:4.12599993;stroke-miterlimit:4;stroke-dasharray:none;stroke-dashoffset:160.35206604;stroke-opacity:1;filter:url(#filter4470)" transform="matrix(0.19798614,0,0,0.19798614,411.26051,779.71253)"/>
            <circle transform="matrix(0.19798614,0,0,0.19798614,407.26051,777.71253)" style="opacity:1;fill:#b3dafa;fill-opacity:1;stroke:none;stroke-width:4.12599993;stroke-miterlimit:4;stroke-dasharray:none;stroke-dashoffset:160.35206604;stroke-opacity:1" id="circle4850" cx="-822.02985" cy="136.39194" r="119.99999"/>
          </g>
        </g>
        <g transform="matrix(0.12090624,0,0,0.12090624,280.46282,882.58335)" id="g8646">
          <path xmlns:sodipodi="http://sodipodi.sourceforge.net/DTD/sodipodi-0.dtd" sodipodi:nodetypes="cccc" inkscape:connector-curvature="0" id="path8648" d="m -1476.2857,764.35228 0,-182.56157 128.2759,0 z" style="opacity:1;fill:#ffeb3b;fill-opacity:1;stroke:none;stroke-width:4.12599993;stroke-miterlimit:4;stroke-dasharray:none;stroke-dashoffset:160.35206604;stroke-opacity:1"/>
          <path style="opacity:1;fill:#ffeb3b;fill-opacity:1;stroke:none;stroke-width:4.12599993;stroke-miterlimit:4;stroke-dasharray:none;stroke-dashoffset:160.35206604;stroke-opacity:1" d="m -1411.4384,447.505 0,182.56157 -128.2759,0 z" id="path8650" inkscape:connector-curvature="0" xmlns:sodipodi="http://sodipodi.sourceforge.net/DTD/sodipodi-0.dtd" sodipodi:nodetypes="cccc"/>
        </g>
      </g>
    </g>
  </svg>

  <svg>
    <g  id="13d" transform="translate(2.5794858,-1051.9278)">
      <g id="g5176" transform="translate(-146.16462,143.58779)">
        <g transform="matrix(0.90422606,0,0,0.90422606,-207.08534,294.83608)" id="g9087">
          <circle style="opacity:1;fill:#b3dafa;fill-opacity:1;stroke:none;stroke-width:4.12599993;stroke-miterlimit:4;stroke-dasharray:none;stroke-dashoffset:160.35206604;stroke-opacity:1;filter:url(#filter9029)" id="path8967" cx="540" cy="728.36218" r="36" transform="matrix(0.0899774,0,0,0.0899774,382.35877,677.05506)"/>
          <circle transform="matrix(0.0899774,0,0,0.0899774,396.48091,677.05506)" r="36" cy="728.36218" cx="540" id="circle9041" style="opacity:1;fill:#b3dafa;fill-opacity:1;stroke:none;stroke-width:4.12599993;stroke-miterlimit:4;stroke-dasharray:none;stroke-dashoffset:160.35206604;stroke-opacity:1;filter:url(#filter9029)"/>
          <circle transform="matrix(0.0899774,0,0,0.0899774,368.23664,677.05506)" r="36" cy="728.36218" cx="540" id="circle9043" style="opacity:1;fill:#b3dafa;fill-opacity:1;stroke:none;stroke-width:4.12599993;stroke-miterlimit:4;stroke-dasharray:none;stroke-dashoffset:160.35206604;stroke-opacity:1;filter:url(#filter9029)"/>
          <circle style="opacity:1;fill:#b3dafa;fill-opacity:1;stroke:none;stroke-width:4.12599993;stroke-miterlimit:4;stroke-dasharray:none;stroke-dashoffset:160.35206604;stroke-opacity:1;filter:url(#filter9029)" id="circle9051" cx="540" cy="728.36218" r="36" transform="matrix(0.0899774,0,0,0.0899774,375.87022,687.1772)"/>
          <circle transform="matrix(0.0899774,0,0,0.0899774,389.90075,687.1772)" r="36" cy="728.36218" cx="540" id="circle9053" style="opacity:1;fill:#b3dafa;fill-opacity:1;stroke:none;stroke-width:4.12599993;stroke-miterlimit:4;stroke-dasharray:none;stroke-dashoffset:160.35206604;stroke-opacity:1;filter:url(#filter9029)"/>
        </g>
        <g id="13n" transform="translate(267.13741,6.3120194)">
          <circle style="opacity:1;fill:#ffeb3b;fill-opacity:1;stroke:none;stroke-width:4.12599993;stroke-miterlimit:4;stroke-dasharray:none;stroke-dashoffset:160.35206604;stroke-opacity:1" id="circle4929" cx="-73.550003" cy="922.07861" r="13.632994"/>
          <g transform="matrix(0.86006034,0,0,0.86006034,-304.44498,241.04427)" id="g4931">
            <rect style="opacity:1;fill:#b3dafa;fill-opacity:1;stroke:none;stroke-width:4.12599993;stroke-miterlimit:4;stroke-dasharray:none;stroke-dashoffset:160.35206604;stroke-opacity:1" id="rect4933" width="53.852222" height="31.67778" x="230.14777" y="797.30591" rx="18.98291"/>
            <circle r="119.99999" cy="136.39194" cx="-822.02985" id="circle4935" style="opacity:1;fill:#000000;fill-opacity:0.12359553;stroke:none;stroke-width:4.12599993;stroke-miterlimit:4;stroke-dasharray:none;stroke-dashoffset:160.35206604;stroke-opacity:1;filter:url(#filter4470)" transform="matrix(0.19798614,0,0,0.19798614,411.26051,779.71253)"/>
            <circle transform="matrix(0.19798614,0,0,0.19798614,407.26051,777.71253)" style="opacity:1;fill:#b3dafa;fill-opacity:1;stroke:none;stroke-width:4.12599993;stroke-miterlimit:4;stroke-dasharray:none;stroke-dashoffset:160.35206604;stroke-opacity:1" id="circle4937" cx="-822.02985" cy="136.39194" r="119.99999"/>
          </g>
        </g>
      </g>
    </g>
  </svg>

  <svg>
    <g  id="13n" transform="translate(1.8560658,-1053.3944)">
      <g id="g5143" transform="translate(-219.26718,144.35115)">
        <g transform="matrix(0.90422606,0,0,0.90422606,-134.16744,294.13284)" id="g9184">
          <circle style="opacity:1;fill:#b3dafa;fill-opacity:1;stroke:none;stroke-width:4.12599993;stroke-miterlimit:4;stroke-dasharray:none;stroke-dashoffset:160.35206604;stroke-opacity:1;filter:url(#filter9029)" id="circle9186" cx="540" cy="728.36218" r="36" transform="matrix(0.0899774,0,0,0.0899774,382.35877,677.05506)"/>
          <circle transform="matrix(0.0899774,0,0,0.0899774,396.48091,677.05506)" r="36" cy="728.36218" cx="540" id="circle9188" style="opacity:1;fill:#b3dafa;fill-opacity:1;stroke:none;stroke-width:4.12599993;stroke-miterlimit:4;stroke-dasharray:none;stroke-dashoffset:160.35206604;stroke-opacity:1;filter:url(#filter9029)"/>
          <circle transform="matrix(0.0899774,0,0,0.0899774,368.23664,677.05506)" r="36" cy="728.36218" cx="540" id="circle9190" style="opacity:1;fill:#b3dafa;fill-opacity:1;stroke:none;stroke-width:4.12599993;stroke-miterlimit:4;stroke-dasharray:none;stroke-dashoffset:160.35206604;stroke-opacity:1;filter:url(#filter9029)"/>
          <circle style="opacity:1;fill:#b3dafa;fill-opacity:1;stroke:none;stroke-width:4.12599993;stroke-miterlimit:4;stroke-dasharray:none;stroke-dashoffset:160.35206604;stroke-opacity:1;filter:url(#filter9029)" id="circle9192" cx="540" cy="728.36218" r="36" transform="matrix(0.0899774,0,0,0.0899774,375.87022,687.1772)"/>
          <circle transform="matrix(0.0899774,0,0,0.0899774,389.90075,687.1772)" r="36" cy="728.36218" cx="540" id="circle9194" style="opacity:1;fill:#b3dafa;fill-opacity:1;stroke:none;stroke-width:4.12599993;stroke-miterlimit:4;stroke-dasharray:none;stroke-dashoffset:160.35206604;stroke-opacity:1;filter:url(#filter9029)"/>
        </g>
        <g id="g4939" transform="translate(346.45801,55.870228)">
          <path inkscape:connector-curvature="0" id="path4941" d="m -75.94731,856.19617 a 15.949492,15.949492 0 0 0 -13.82033,15.78794 15.949492,15.949492 0 0 0 15.94951,15.94951 15.949492,15.949492 0 0 0 13.19638,-6.99702 15.949492,15.949492 0 0 1 -2.1294,0.16152 15.949492,15.949492 0 0 1 -15.94952,-15.9495 15.949492,15.949492 0 0 1 2.75336,-8.95245 z" style="opacity:1;fill:#9fa8da;fill-opacity:1;stroke:none;stroke-width:4.12599993;stroke-miterlimit:4;stroke-dasharray:none;stroke-dashoffset:160.35206604;stroke-opacity:1"/>
          <g id="g4943" transform="matrix(0.86006034,0,0,0.86006034,-309.9396,192.18931)">
            <rect rx="18.98291" y="797.30591" x="230.14777" height="31.67778" width="53.852222" id="rect4945" style="opacity:1;fill:#b3dafa;fill-opacity:1;stroke:none;stroke-width:4.12599993;stroke-miterlimit:4;stroke-dasharray:none;stroke-dashoffset:160.35206604;stroke-opacity:1"/>
            <circle transform="matrix(0.19798614,0,0,0.19798614,411.26051,779.71253)" style="opacity:1;fill:#000000;fill-opacity:0.12359553;stroke:none;stroke-width:4.12599993;stroke-miterlimit:4;stroke-dasharray:none;stroke-dashoffset:160.35206604;stroke-opacity:1;filter:url(#filter4470)" id="circle4947" cx="-822.02985" cy="136.39194" r="119.99999"/>
            <circle r="119.99999" cy="136.39194" cx="-822.02985" id="circle4949" style="opacity:1;fill:#b3dafa;fill-opacity:1;stroke:none;stroke-width:4.12599993;stroke-miterlimit:4;stroke-dasharray:none;stroke-dashoffset:160.35206604;stroke-opacity:1" transform="matrix(0.19798614,0,0,0.19798614,407.26051,777.71253)"/>
          </g>
        </g>
      </g>
    </g>
  </svg>

  <svg>
    <g  id="50d" transform="translate(2.8765665,-1050.5843)">
      <g id="g5085" transform="translate(-0.5298607,71.832066)">
        <g transform="matrix(1.0812692,0,0,1.0812675,-6.4088406,-2.201914)" id="g9293">
          <g transform="matrix(-0.08208279,0,0,0.08958333,39.285227,898.27348)" id="g9232">
            <circle style="opacity:1;fill:#badefa;fill-opacity:1;stroke:none;stroke-width:4.12599993;stroke-miterlimit:4;stroke-dasharray:none;stroke-dashoffset:160.35206604;stroke-opacity:1" id="circle9234" cx="-180" cy="799.21716" r="36"/>
            <rect style="opacity:1;fill:#badefa;fill-opacity:1;stroke:none;stroke-width:4.12599993;stroke-miterlimit:4;stroke-dasharray:none;stroke-dashoffset:160.35206604;stroke-opacity:1" id="rect9236" width="358.50381" height="72" x="-116.76335" y="763.21716" rx="33.952999"/>
          </g>
          <g id="g9287" transform="matrix(0.08208279,0,0,0.08958333,37.172378,889.87653)">
            <circle r="36" cy="799.21716" cx="-180" id="circle9289" style="opacity:1;fill:#badefa;fill-opacity:1;stroke:none;stroke-width:4.12599993;stroke-miterlimit:4;stroke-dasharray:none;stroke-dashoffset:160.35206604;stroke-opacity:1"/>
            <rect rx="33.952999" y="763.21716" x="-116.76335" height="72" width="358.50381" id="rect9291" style="opacity:1;fill:#badefa;fill-opacity:1;stroke:none;stroke-width:4.12599993;stroke-miterlimit:4;stroke-dasharray:none;stroke-dashoffset:160.35206604;stroke-opacity:1"/>
          </g>
        </g>
        <g transform="translate(121.20557,76.724233)" id="g5049">
          <circle r="13.632994" cy="922.07861" cx="-73.550003" id="circle5051" style="opacity:1;fill:#ffeb3b;fill-opacity:1;stroke:none;stroke-width:4.12599993;stroke-miterlimit:4;stroke-dasharray:none;stroke-dashoffset:160.35206604;stroke-opacity:1"/>
          <g id="g5053" transform="matrix(0.86006034,0,0,0.86006034,-304.44498,241.04427)">
            <rect rx="18.98291" y="797.30591" x="230.14777" height="31.67778" width="53.852222" id="rect5055" style="opacity:1;fill:#b3dafa;fill-opacity:1;stroke:none;stroke-width:4.12599993;stroke-miterlimit:4;stroke-dasharray:none;stroke-dashoffset:160.35206604;stroke-opacity:1"/>
            <circle transform="matrix(0.19798614,0,0,0.19798614,411.26051,779.71253)" style="opacity:1;fill:#000000;fill-opacity:0.12359553;stroke:none;stroke-width:4.12599993;stroke-miterlimit:4;stroke-dasharray:none;stroke-dashoffset:160.35206604;stroke-opacity:1;filter:url(#filter4470)" id="circle5057" cx="-822.02985" cy="136.39194" r="119.99999"/>
            <circle r="119.99999" cy="136.39194" cx="-822.02985" id="circle5059" style="opacity:1;fill:#b3dafa;fill-opacity:1;stroke:none;stroke-width:4.12599993;stroke-miterlimit:4;stroke-dasharray:none;stroke-dashoffset:160.35206604;stroke-opacity:1" transform="matrix(0.19798614,0,0,0.19798614,407.26051,777.71253)"/>
          </g>
        </g>
      </g>
    </g>
  </svg>

  <svg>
    <g  id="50n" transform="translate(1.2169398,-1052.0509)">
      <g id="g5100" transform="translate(-68.246374,72.305348)">
        <g id="g9393" transform="matrix(1.0812692,0,0,1.0812675,62.823526,-1.813809)">
          <g id="g9395" transform="matrix(-0.08208279,0,0,0.08958333,39.285227,898.27348)">
            <circle r="36" cy="799.21716" cx="-180" id="circle9397" style="opacity:1;fill:#badefa;fill-opacity:1;stroke:none;stroke-width:4.12599993;stroke-miterlimit:4;stroke-dasharray:none;stroke-dashoffset:160.35206604;stroke-opacity:1"/>
